1 71
71 61
61 77
77 8
8 76
6 76
76 6
6 5
5 74
74 78
71 48
48 7
7 76
76 4
4 76
4 60
78 75
75 54
54 4
78 79
79 49
49 50
50 51
79 3
3 73
73 2
75 2
2 41
41 72
72 58
59 48
72 94
94 80
80 9
9 56
56 11
11 81
81 12
12 57
57 14
80 53
53 52
52 81
81 95
95 10
10 15
15 80
15 55
55 96
96 72
55 16
16 97
97 98
10 19
19 17
17 18
18 39
39 98
16 19
95 21
21 82
82 22
22 83
83 25
25 84
39 83
95 13
82 20
20 24
83 23
84 26
84 27
27 29
27 28
27 30
30 99
99 38
38 39
99 31
31 37
37 36
36 35
35 32
32 33
33 34
34 100
100 42
42 43
100 90
90 88
88 70
70 89
89 91
91 90
91 93
93 92
92 89
88 65
65 64
64 63
89 66
66 67
67 68
93 46
46 62
62 59
33 87
87 86
86 85
85 98
85 40
40 35
44 45
45 99
6 74
72 2
16 101
101 102
102 96
102 103
103 93
104 86
104 90
104 34
48 105
105 106
105 59
106 4
106 75
106 54
48 58
107 1
107 108
108 63
107 68
47 58
47 59
